020010012201022002102211120210200200200112202111120222212002211120211101112221012112222202221212222002212002011102011000121111200222012121110210120120121221022102202212210121101022022012210202020212011000100220121012112120200010202020102120211201100102011121101210021020100222220112020000001110110111
202002022222022002200220222020202220202022202200220022000002022222202002002222022220020202222222022022222022220002000220222222200202202020020022020022202020022000002220200022202020222022220002020022020222200220220202002220200020220000202020202022200022022222200220200020000220222222202000000000200002
011001102201122102221210022110100220212002212112001111011002202122202000202211002011022112222112122022122111001002100020102101100212022010011210000121200122222100202221210202001021021022200211010122021110200220120102202020210020101201212210202211200122022112101201110022102222122112011101002120120001
001011111200020102201220021100102110202022222112011012012000102121201202202221011011111202122112222021202021011102010000022111000212001001001210000010200220222002101211210101121020021022120202021222012002101210221212212121201020201000222010201012200202012122201200120020102121211122201101002220020021
022022022220022202200200220020000220202202022022000202002200022222200202002200022220222200222022222222202000000002002000000202002202022002020200000022220200022000002220200002022020220022200200022022022220200220222222000020200020202000022220202222200002022222200200000022022222222202220000000202000200
011100102200021202212220121110101220212002212011101022001002202122211100102222002121022122222011222012212011011002010020212211200212021020010200000120210121122200202212100212102020021022111211010222022111200221121212201120210020201100211210202210100122012212101210010121201221221122011101001110110111
002011112200210202201200021100100210202012201211011122112002122121202202112210012021121202112221221110211011111101000110112122100212012121000211001210210222122001201210210211111020221012100202121211020202200220211112002110100020101110212210202212201122012221201000120021111121211122221101000011010012
002011202201221102211200021200200210202002201211010111121002212022202101212210012012121202122221121111122110010001100020002011000222012010001211001221200122222000202210220211101021121022200202120111020111200220221112102020200020101101212210202202200222022122201101220022012222111112112101001120020012
000000000200222002220220220000002220202022202222000022000202000222220202222222022220222202002202222200200000002002202000022020002202202202000200000220200222222002202220220200002022022022000202022222020002200220000022200220220020000002222200222222200200002222000202000020022022202202220200002222200022
211101211210121202211111021100101220202002202202011122102100211121201002102221011020122212221201222221101110112011020000122021111101102010010201001221211121222002202221200222101021021022210202020112002121201210222212201120001010201111202120102222100102011220100210120021011221221212221000011100110112
001100101200121102211220220100102220202012202111100022000102101122220201112222012221122212112111222101201010011002111010122120101212111111000200000220210121122101202211110211102021022022011202021222021012200221111122200220210020101001211210212211100211002222101211010120111121211112111100001211100122
001021201200120202202210020200101210202012211121020022112001212121201202212221022022221202022211221110212011011001010010012012000222001010000211001120200221222001201201210111111020120022110202121211011102201210222212102021201020201000222110202112200212022122200100120021012221211122212102001120020021
010011101200021202212220021110001220212012222022011022002001202221201101202222012021122112122102222021212012002002010010112102100212011010010210000020200221222101201212200102011020020022110211011222012101201210121202202021211020201100222110202121200112022112100200010021102221222122111102002120120010
012100201200120102211210121100201220201002201100101122001102202021210100102222112122022212222111111012202011011002010020212220210212011010000210000221211121012111102211110121201020021022112202020222011011210121222211101120200020201101200110202101000222002122202210020120100221220112011001000210000221
022010212200122202202210121201100220202022212201010122002201101221202202102222021020121212112112222220202021001002000120122121100110002020121220112121200222022002102221200021011010222012110211021112012111101220011111202020201020201000200010212212200222022212102100020020011221210022110100012200120112
011011011210122102210210220010001220202112112122000112001201011222210202112211022220222201112112222211201000001002102000011111002202112102010200000121210211122001102220210101012021121022100201022122021111200220111122100120210020101001122210212222200101012222100201000021022122212202220100001212100111
011011211200121202202210120201001220202022222111010122002100101221201202102222022021122202022102222120202021002002010110122011100121001010010220011021200221122002101211200011021020121022010212021212002111101210111102202021201020201000211020202122200212022122101200020020002220211022211101012210120111
020000002200022202222220022020000220222002222022002022002002202222202000202222002020022022222002222022222002002002000020202202200202022020020200000020200222222200202222200202002020020022200220000222022200200220020202202020220020200200222200202220200022022202000200000022202222222222020202002020220000
011112022201011002202200020120101220101012202202000121102102212221222102212221021221221202222212222100111001101002011010221111011212022011020210000120200221022002101221200222111020121012110211021122012112202211111112002020100020202111202110212222100112011122200101120020011021220221121100002111110111
011002022201111102201200021010101220102012202202001121102102112221212202102211011120121202212222222110101011101102010110221112101202022121010220000110210222022002201220200212120020121012110212021122021112201211201112002110000020102110202210212222201012012221201001020020111020221121220100001112000111
112001112210120102211120022100202110202012212202001112012100102021201102202220011010011202222111222121101120021112010000022121011102102011011200001111200221222002102221210211112021022022220202020112012112101220221212211120101010201000212010101112100102002221101200220021101121210212211100011210020012
021001122201122102202200120111101220102012212201000121102201101222212202102222021120121202122112222210102010001002010120221011101111012020020220011021200222022002102220200121121020121022110222020112012121101211101112102020100020201000201110212222200112022222101101020020012120210121220200012211110211
002000122200010102211221021100201110202012212202101012011101001122201102202210011110011202221122222012101110011112001110112210100102002012101200000011200221122101102220210211122020122022210212021222022001100220121121112120200020101100222110201002100202012221201200220021102121210221211101002120020021
001010101200221102211210120100101210202012201221010022111102111122211202222221022121221202012211221200211000011001101010012021001212102111000201001220200222222001202210220210102021121022100202121211020102200220111122101120210020100001222200212212200211012222100101110021022122201212221201001121110022
121011102211121102212110021200201210201112202112110222102101212020200001102221012021122202222201222111101111022012010000021111111112112121020200111221110222122102202212210222101022022022210202020112002111201220121102201120101010202010202120101212100102001221101200120021100221220202121000011100010111
012102101220121102212220222000201200102002201202011222200002002220210002012221011011112202212200212102211002100012010110122012211100220100010220002112211121022010002211201201111020022022220202010222012200100120210101202120200020002100112110221221200112011222200110021020001120212112120101002201120022
101011212200121102212200020210100210201002110111010122211002112121201112112221011012120211121221221211222010010001001020112022000221112021000202002221200221121001202211210220201020121022210202120211021101200220221211102120100020201011222110211112100212022122201001120022021221200221221201000020110022
122001201210220102221110022100201220201002201201001222002201202020200001202221122021022202222201111121101111012012010010112121121102102010010210001222201222112012102221210121101021021022211202020112001111211120222201101020101010201101201010102112000112002121101200120021000221220202121001010210010111
101111121201022112222210020110101210201002110102010122201102101120211011102221010012011211221222222111222021101002011010222121100221122012010201001221200220021001102221200110101020122022210201021222122000200221111201202220101020101012111120221111100202022122202001020022021221210221221100001011100122
200200220200022202200202020000000220202002202202022022202000220222202002002222000020222222220202222222202000202000020000222020200200002000000202000220222020222002202220200222200020020022200202020222002020200200222222202220000020200222202220202222200202020220200220020020022222222222220000002000200222
012112011220122202201210221010100210102102112112001212101101012221210102012210012120222201212111212212211001000002001110111102102101121101020210001112221111022000002211201101121020121022210201021122012210200220211211101120200020102000012210211221200012012222200200011021011121212212120100001201110111
021012022211022102201200120020101220102102112112000111102201112222211202102211021220221201222122222211102000000002011010110102002202022011020210000021210211022001102220200112121020120022210211021022022121201211212222001020100020202000112210212222200002022222200101010021022121221211220100001212000210
101011112211011102211210122120201210211022102111110022001002112222212001102212012120121212222222112021212021211011001110222111100101201010010122120122202111022100012221210012101020222022121102020112010211200220110202002220200010111001202020202112100122012222201210111020000221122112201000001000100011
102011211200110202212210021110100211201002201221020022112101122121202202212221022011121202121211221111112001011011000020112022110222102020001202001220200212122000202211120121112020220022201201120211021201200221221212112010200021100100212110212212200122011212200100110021022222211222111211101110120011
012000112200121102212211221201001210202012221201001122001200100222111202102222022010022212022101212110202010011002010120112121100111112120020210022022200211022001002220210011022020122012001211020212002110100220111102102120210020200111201020212212101221112222102200020021002221210112111200012210220112
002110011201021112222221121100102200202002210202011022101201200121121101202221021011012212122211212000212011111002020010112221100212122111020200011121200210022000002220210001012020122012101200021222112000200221112202102220211020100112101120222201101211112222202100020022012222220212112100002111110122
011101001210122202212220122010100210112002212112002122101002102221211001112221002020122112212101212112221002001002000120212102201101121110020210001111211122122100102212201201111020021022210211010222012200200220110201202120210020101100112200211220200022012212100200011021101121212222020201002110220011
002212011210111102202210121110100210101012202202001222101002112220221002122220012121222202212201212101220002101002001110222111111111121101020210001211211121022001001212201211111020122012110201021222002201201220110101102120200020102111102110211221100122001122200200121020000021211222021100002100220012
011000022200021002101221121110201100201012212201011112122001101121212202212220011101111202221122222012212011010202011000122121100212002011101210010010211220122002102221210110112021022012220202020212021001000220221122122120200010201010112010211101100102012121101210121020101122210122110100001220120012
011011200200120102211210021100101220201012211111011122002101202120200101202222122022122202122202111021202012002002010010112111110212001000000220000121201221112012101211210011110020020022111202021222001001211110222201102021201020201101211010202012100212012022201200020020001221221112111002001220010120
100110211200011202211201021110100210211012102112011022102001211222212001102212001020222222221212212121202010202010011000222010100100101000000212110221212111122101112221210112100020121022111202020212001110200210111212102220100010101112202120202212100212011221201210021020011222122112210000002000100121
012111111211021112222220121000202200202002200202020122201102101120211001102221020012002202222211222001212012201012020000122121210211121001010210001121200220022010002220200101002020122022210201011222122100100121111102202120201020001101111120222211200202021222201010020021012221221112221001002102010122
011011112201121102202200020110201210102002201211010021212102212122212202212221021121220202122221221200112000010001010020111012001212012020010211001120200222122001202210210221211020120022210212120111021112201211212222002020100020201000212200212212200112022222200001120021022121210221221201001121010121
002100112200020102201220121100202110202012212101101012011001102022211201102221001111011212222021222012202020020102010010122220100212011011001200000110210120122101102211110211212020022022121202020222022012100221221222211220200020201000211110201101100212002222202210120120201121210122101100001210010122
002011202200120102201200021100201101212002200111011022212102211022212202222220022021221211022111111211222001111011001010112022100212002011110201002121210221122001202210210220202020221022200202111111010102200220222212002120200020200110212110202202201112012222101100120021011221101222122101000010020022
001011202200010102211200022110201101221012101012001022102102201122222101212211012020222221122112102121212011202021002000222011100101101001110211111122211211022101112221210111101020222022111202011112000101200220111202002220200010101111202020202202101112002222102200021020000221012112111000001000010021
001001011200211102210210121000001220202022202212001122001102011221211202112211012120122202102212222110200011102102101100122121101202112212000210000210210222122002201220210201011021122012000202022222020102200220100012101210110020001111212210212222201111002221101101010020111021212112220100001112100012
000021201200010202212210021210101210211022112022010022002001202221211101202212012021222212122212212020202021102011011000122001000111100000000221110121201211122101111212210002010020121022021202021212001101201210111202102121201010102001212020202112100212012122201200021020001221122012201001002110010020
102011112211121102201210121110201210202012201210120022111002122122202102112221022121120202122221121111222011120001000120112122100212102020010112011121201121122000102210210121202020221022210102120111020212200220221212002120200020210000212110202112200122022222200110210021011221211222212101000010110012
012000101200120002221211122100101210201002210201002122001201201121110101202222122011022212122201101011202001011002010020102221110202112110010210011122201211012011002220220011111020021012102201020222001000210120222201002120210020200212201010212102001221102122202200020021001222220202011101001220110121
001000001200121002221221221100002210202012211212001022000201100222120202212222022110122212012201212100201000011002111010012121001202212211010200011121200211122001102220220101012021022012001201021222011001200220111112101220220020100112212110222212101210102222101201010021012122211202111200002221210022
012011012210021102211211221110001210202102121112001112001200111222110202102211022110122211122111212111202000010002011010001212001202122111020200011022210200022000002220210002022020121012101200021122012110200220222212001120210020201111112120212212101111112222201200010022012222221202111100001211110111
101001112200021002222211121210001210201002120102001122100101101221110112102222011001021221121211212111212010010002011020112122000211222121010201012122200210021001102221210111111020022012111201020222012000200220221201102220110020201122212020221112001211112122202101020022011221210211111200001120210022
012111101210122202202220122100200210102012202202011122101102102220211102112221011020221212202211212211211012000002000120122112101100111110121220102211211122022001102212201111110010122012220201021122012101201220111210202120201020102000101100221211200122012212201100021020010121211122010100002200120022
002210111201021212212220120100202210202002201101110022101102201021221100102221011122012212222121222001212021111002020010222220200222021011010200000220210120022100102211100111102020122022111201021222122011200222112212201220201020101001100220212200100212012222202110020121111221220122112000001101000222
012001201200120002210200022000201111211002200101002122102202201021211101212221122021122211122102001122212002102012001010212121210202002001110210001122211221012012102220210120201020121022201202011122000001210120222201002120200020200211201010202102101112002122102200020020000221111212021001000110010121
001012111200110202201210021100001220202022212112011122002001112220201202102211012021122202112212222020201022102102010100122112100212011111000220000110210221122002200211200102020020121012010202022222011102201210211102102111101020102110212120202122201112012121201100020020101120222022211001001111010011
101002122200111102211200021110000220201012111102001222101002012220201112002211001011021211211222222121211021101102001110222122100211122122000211001211210221021002201221200211110020122012110202021222021101200220210101102210000020102121212120211122101112012121202001020021110120211121220100000011100012
002211010211122212212220121000201200102002201202011122201102101120221001112220011021112202212211212101221012101002010110222111201111121101020210001211211121022000002211201100111020122022210201021222112100200221101201202220201020001001001210221210200112012222201100021021011121211222121100002101110122
011022111210021202201210120110001220202112122022010112002100112221200202102211022121222201122112222121202011001002011000011102001212011001010210000021210210122001101211200002021020120022110201022122012111201210222212101021201020202000122120202122200102022122200200010021012221222112211001001211010110
021010112200022102102221121210200210201012202201020122112102201220212202212221021111221212211222222111212012000102011010122122100211002020211220111120211221022002202222200021001011122002220201021112021001101220122121112020201010202010101010222201100112022111101110021020010222220022010000001210120012
021010101201121002211200021100200210200112201111111222102102212020200000102222112022122202222202111012202002012002000010111210210212012111010210110221111222012112102211220121200021021022201202020222001000210120121101102120200020201111201110201102100212001122202200020020100222220202020001001110000220
002010102200120102212211121200101200202002210211011022111101211122111202212221022011121212022210211100212000020001010020002122000212112120010201012121200211122000102210220111112020121012101201120211011101200220222212002120210020200111212110212202101221112222201100120022012222210212112201001120120022
110110111201022102201201020100100210201112202112121122202001221121201001002222001021222212221202222112202001112001010000121110200211012111010201110220121121122102202211210222200021021022200202020222002010200210121112202220100020201121202220201212200202010221201210020020111222221212120000002000100221
112001210200110102221210022010100221200002201211011122002201112120201101202222122011022202221202111022102002002012000020212121220212102010001211000221201212012011102221120021111020120022202201020222011100210121221201112010200021100201201010212112100122001112201200010020011222221212010111101210110110
101201110210122202201211121000100210102002202202012122201001111221211002012221001020222212211201212212211001101001010110222011201100111100010211001211222021122001102211201211210020021022210202020222002110200210211211202220100020101111102210211221200112011221200210021020011121212222120100002100210122
011110021201022112112221120110201200201002201201020122212102200120222101212220021112112202221222222001222012101102021000222121200222012011110210010120211220022001102221200010002021122012210201021212121000100221112112112120201010101011001120222200100102022121101110021021011222220122121000001111110112
002100112201120002222211221200101200201002211202002012011111201221110201102211121011022212022201212011202011110012011020102111101202121111010200112122210210122000102211210012022020021002011201020222001101200220221201002220210020200121201020222112101111112222111210020021002122210201002200002111110012
002100122201120002211210121100201100201012212202002002022011102121201201102210110011011202122112222022202021110112001010112110101202011002001200101111210220222001102211210111122020021012120202020222011102100220220211112220200020200010211010211012200102012222111210120020102022200211101200002111010012
110002122201022002212200020120101220101002111102000121201102102221211112102222010111120211221222222211112010000002011020221012001211122021010211001121200221021002202221200221210020021022220212020122022011201211211211102120000020202011212110221122100102022122201002020021021120210220220200001121100121
121001112210121102112121121210201210201002202201010222112101201120211102212220022111122202221211222111111111011112021000122022111112102020110210011121211221122002202222200121002022022012220202020102011111101220222112111020101000202010102020112211000002012120000210121021000221220112121000010210120002
001000002210110102211221121110101210202002211201011122000201111221011211212222022011022212122201212110202001121002010020112212000102212120010200121122200210022100001221210002011020011012102201010212002011200120222112002120110010100121202010222212101211112222201101010021102221121101002201002110220022
000000001210211102210220120010101220202012202211010122000202011221111211222222022121122202112202222210201001112002101010122111001102202111000200110221200221122101101221210101001021011022101202011212011012200120111022101120110010000011212100222222200201012222100102000020112121112101111201002111210022
102112022211011002201210121120101220201022202201110122001002122221212002112221022221121202222212122011221012211002001110222221110212112011020111010121201120022001001221200122102020222012110101021122011212201220120102002120200020211111202020202122100122011122200210210020000121221222112000001000210002
001111011200111002211210120110001220201022202212000122001102111221221102222221022221222202112202222100210001102002102000122120011212112102010200000220200221122002101221210211002021122012000201022222011102201220010012101120210020101112212110212222100211001122100201110020011022211212121100002111210012
101001012221111102200220121020201220202012202200120122000102022221102111112222022121021202222212122121212012221002000120222212100102202020010111120122201120022100001221200012101020111022211102010112011122200120221112002120100010110010202010212122200112022222200111100020101220122111102101001000210012
100001111200122002221210120110001220201012111112000122100102001221210112112222011111121211111212222211211010001002102010122021001211212112000201001221200221121002202221210210101021022022110202021222021001200220110111201220110020101012222110221122100201012122101102010021021121201211220200001121200022
020020002202022002202200020200200200200222202022220222202002222020200000002222002022222202222202222002202002022002000000020200200222022222020200220220020222022202202202220222200022022022200202020222002000200220020002202220200020202020202220200202200202000222202200020020200222220202020000002000000220
001121110201021212212220020100102210202012211112020022102101201120211101202221021022112202122212222010212022102002020000122111100222011001010210000120200220122001101211200001011020121022110201022222112001201211112202202121202020101001111120212111200202022122201100020021012221221122212001002111010121
012010102200021102212221122200101210202012211202011022001201201221111202202222021010121222112211212110202011010002010020012222000201112120121210112121200211022001102221210012011010122002111200021122012001201220122211102120211020201111201010222202101221112212202100020021011222220112001100002210120022
002101011210121102201220122000201100102012212202002112111001002121211102112220001010111202212111212112211011010102000110122111101101111101011210001101211121122001002211211200221020022022220202020222012101100220210211212220200020101000112100210111200112002222201200121020101021201222110200002210120022
002001112201121002210210022100201110202012212202001101021001102022202101202210001001011202222122122022112120010102100010012110000212012001002210000111200121222001102220220201111021022022210202020122021011100220220112212120200020101101212110201102200212012122202201220021102122111112101100002220020012
012011202201122102211210022200200220202012202202010111011102202121202101202211011011121212212222122121112121000002100020012111000211012010112220101221200122122001202221210112000011122012210201021022021011201220121111202020201020102101201110212202200222022112202101120021011222121012001000002210020012
002101112200110202201210121100101220202012202101101122001002112121211201002211002121022212212121222011201021111102010110222221200212021121000210000210220121022101201211100212111020122012011202021222021112200221211112101210100020102110201220202211101122002221202110020120200120221022111000000101000112
001111211201120102212210120200101210201012212112011012012011202220200201102211121022122202022202222021202022101012011010112001101212010001000210101121210220222001201202200012021020020012020202021222001102201210221201102121201020201010211020212022200102022122110210020020002121211111102101002111010011
011000002200021102222221122110001210212002221112002022001101201222111101202222012010022122122101212011212001011002010020102212100202122120020200011021200211122100102221210102012020021012101210010222012100200220121202102120220020200211212110212211101121112212101200010022102222221212011201002120220011
021001112210021002112221221110201200201002201201020222211002101220211102112221021102112202221211222002212002100112021000122022210211111010100220011021211220022011102221200111002021022012220202010212021100000120221012112020200010102110112020222211100102021121100120021020001221221012120001001211120012
022011122210122202201200220111000220202112122111000212002200011222201202002211022120122201122012222221202010001002001110111111101111012011020210011022210211022001002220200011022020221022100211021112012220100220111112101020200020201000111120202222200112022222101200010021012221211112220100011201110201
112101212211220102222110121200201210201002202202001112012111202120200101102210121021022202122201222121101121111022011010112011112102111011010200102222210221222001202212200122012021021012120202020112001212201220221201101120101010201010201020112122100002012221010210120021001121210201112100011101010002
102002022211111102200210122010101220202022202201111122001002022221202102002211012120021202212222122021211022211102000210222222200202112121010121010111211121022001101220200112111020222012110102021122020212200220210102002210100020111110202120202122201022012221201110110020100120222122211000000001100002
111001211200121002221200021110100220200002110101001222101102102120200011102222111012021211221212111122212011001002001020212121110211112011000211001222201221011012102221210120200020021022211202020222011000210120221200102120100020201112211010211012000212012022202101020021010221210211120101000120100121
101200221201121102211201120100100210201002202202012012112011211221201101002211110021122212121202222122202011201011011010212010201201011001000201101221221120222001202211200122111020020012110202020222001111200210221211102220100020200121201120212122200102021221110220020020012122211211111100002001100112
001001012210200202200210021010100220202012202201011222001102022220102211112211012021022202212212222120201012212102000110222212100102112121000210110211210221022101100221200102010020111012101202011212011112200120211012002110000010001120202110212222201112012221201001010020201120122011111101001001110012
001100102210110202201220120110201220202002202100110122000102112121111210112222012122022212222111222111202011121002010020222211100112111020000200110221210120022200101212100112101020011022112202010212012022200121222122101120100010101010201110212211100212012222201111010120201220121011002101001100110122
002111101210221202202210121100200200102002201211011122211002112121211102122220012021221202112210211201221001010001000120112012101111111110010211002211211122122000102201211210211020121022210202120211011201200220211211102120200020101000112200211211200122012222200100121021011121201222121201001110120022
001001102210110102200210021010201111212002201101011122101202111121112211222221022021122211122102112221212002212012001010222112100102102011110200111122210220022101101221200111101020111022201202001112001012200120222112002120100010100120202010212212201102012222101101010020101220012111012101001000120022
001010102200010102222211122210101200211012111112001022001101201222121101202212012010122222122211202010202010111011011010112111000101211110010211121122201201022100012221220002011020122012012201020212001100200220111202002220210010101112202020212202001221102222202200021021001222121102101100002110110021
100011212200011102222200021220100210210012011012000122101002102221211011102212001011121221221222212121212020101011002010222011000110211011000212111222201211021101112222210111100020122022121202020212011100200220110201102220100010102012212020211112000212012122202101021021010221111111210100001010100021
001111012210100102201210020120100220201012202201010222001102122220112111222221022122122202222202222110211002212002001010222211010112112011010200110221200220022101000222200112001020111012101201011212002112201120121012002020100010101121202010212222100212011122200101110020101121121111012101002000220012
021011112201022102202210021110201220102012202202010021102202202221212202202222020120220212212222222210102011000002010020121112001201012020121220101120200222022002202221200122110010121012220211021022022012202211112221102020101020202000201100222212200112022212201001020020021121220121110100002211010121
101112122200011002212200020220000220200012111102000222101002112220211012112221011112121211221212222111221011101002002010222121010221122012010201001221200220021002101222200221101020122012110201021222012101201220120101102120100020202122212020211122000212011022201101120021010121210221121100001010210012
122002202220120102222120122100202210202002201202010222101101102120200002102221021011012202222200222111101111111022020000022022121101211010010210002122200221122011102221200212002021022022220202010112012211101120221102201020101010102100212020112222100102011221100110120021001220221102221001011201020012
112002211210010102222220122010101211201002201212020122101101012220201102102222021001012202221201222012102002101022010010122022220211211010001211001121200211022010102221110112012020121022211201010222022200100121220102212010200021001200212020222222200112010212200110010020012221222112110111102201120011
010001012211111102201210020020201220102002202201010121101202112221112211212222021121121202222212222210102001111002010020221102001102112020010210110121200221022101101221200112110020010022211212010112012022201111212122002020000010101010202100222222200102022222200002010020112120121110111201002111110121
112012022221022102200210221020101220202112112111110112001101022222201102002211022220121201222122122122212011110002001110111212101202112011020111010022211110022000002220200012112020221022210101021022021221200220221212001120200020211000112120202122200012022222200210100021011221222212211000000101100101
012012112210021102200200121010101111212102111012001112102201111122211202112210022120222210122012112222212001101012002000111112101202012002120200001022220210022001102220200111112020221022200201012022011111200220222212001120200020201110112120202212201002012222101200010021011221112212121000000101010111
012111112210021202201210220110101220202102112011100112001101112122210201002211012221122211222021222112202010010002011010111211101212021011010200000121220110022100102211100112112020121022111201021122022121200221222222100120200020202000111220202211100112012222201210010121111221221112111000000201000211
011111022200011002102211120220100210200012202201010222112002211220222102222220022212222202221212222001221002101102012000222121110222012011110210010120211220022002101222200121002021122002110201021212011101101220121012012020200010202121102020212211000112011021100210121020000122220122021000001110220002
000011101210110202201220020110101220202012212111020122001101112220101211212222022022122202122202222120202012112002010010122102000112101010000210110121200220122101100212200002010020010022111202011212002012201110222112102021101010101010212010212122200202022122200101010020102220122011102102002110120021
011010112200121102102211120210200200201002201210020122222002211121212202222220022112221202121221221101222001010101011010112022100222002020100211011120211221122001202211210120102021121012210202120201020101100220222122012020200010201010112110212201100112022121100110121021011222210122121101000120120012
010011112201011102212200021120201210111012102112000021102102202222222101202212011120221212222222212110102010101011011010221001001101111010010221110121201212022101112221210112110020121022121212020112011111201211101212002120100010102001202110212212100112012222201101021020011121121111210100002111000120
012001111200210102210200022000100220201012201201002222002102112120201101102211112021022202212212111021201012102102000110212221210202012111000220000211211222012012101220210111110020121012101202021222010101210120211101002110100020101211201110202112101122002121202100020020100121221112120001000111000111
012001201201221002220200022100200220201002201201001211011102202021201000202211112012022202222212011022112111001002100020102110110212012000001220000222201122112011102220220111100021021022201202020122010010210120221101102020200020101202201110202102100222012022202201120021001222121102011001001220010111
011012201210020102212220121100102210202012211112020122101001102220200102102222021012112202122201222011202012101012020000022012110211110000000220001021200220122011101211200102011020021022120202011222012101101110221102202021201020102100222020212122200202021122200110020020002220222012211002002211020021
011001102200021102211210022010101111222002211012002022102102201122212101212221012020122121122002112122222002102012001010212112200202012011120200001021210221122101202221200211102020121022200211001122011101200220121202102120210020200210212110202211201012012212001200010021101221112222021101001010120011
022000222200222202202200220202000220202022222200000222002200000222202202002222022020022202022002222220202020002002000220222020200020002020020220022022200222022002002220200020022020222022000222020202002220000220000002202020200020200000200020202222200222022222002200020020002220200022220200022200220202
012012112211122102210200121110100220202102112112000201011101112122201101102200012111122201222122122122112110000002101010001101001212022001011210000122210111122000102220210102011021121022200201021022021120200220221112101020200020102101112220202212200112022122201201110022012222122102111000001211010101
200002222200022002222200020220000220200002020002000222200002002220200022002222000002020220220222222222222020000002002020222022000220222022000202002222200220020002202222200220200020022022220202020222022000200220220200202220000020202022222020220022000202022022202002020022020220200220220200000020200022
011011102201021002201200021100201101211112201012111122202102211021211101112221012021222211122102112112212002112012001000121111200212012112120200111121120221022102202211210221201021122022200202011122001001200220121102102220200020201120202120201202201102001222102200020020100221111212021000001000010121
102001221200000202222221021110100221201002202212110022001201011221201102202211022110022202220212222012001101002022001120212111210112102021101201000121200212022100202221110122022020221022201211021222022100200221121111112010200021001200212120212112100112011211200200110021012221221221111111102110120010
002001112200020002200210022000202001212012211102002012112101101022212202212220011010111211122012112122212011111112001000122121100202002002111200001011210220122002102220210210212020122022210202011122011002100220221212112220200020200110212010201102201102002222102200120020101121101222111100001110020022
020002022202022002202200020020202220002002202202000020202202202222222202202222020220220202222222222200002000000002020020220002002202022020020220000020200222022002202220200222220020020022220222020022022022202202202222002020000020202000202200222222200002022222200002020020022020220220220200002222000220
012100212200121202202210220201101220202012212100100122001101101122211201002222012121022212122011222111202020011002010120222120200121011020010210011121210121022101102211100121112020122022011212020212012121100221111112201120200020201000200120202211100222012222102210020120101220210022111100011200110212
000000002220200202200220020020200220202002202200020222000202022220002220222222022022022202222202222220202002222002000020222202000002202020000200220222200220022200000222200002000020000022202202000202002022200020222022002020000000000020202000222222200202022222200002000020202220022000002202002000220022
111012122210022102211200120120000220201102021012000212101101012221200112002211011111121210221122222222212010000002002010111112001211122012010201001122210210021001102221200111111020121022210201021122022110200220221211101120100020202011122120211122100102022122201101010022021221211211220100000111100111
101001011211122002210220221010102220202022202211110022000102011222211102112222022220121202112212122111211011111002101110122121101202202111010111010121201121122001102220210111102021122022110102021122020112200220110112101220210020110001212110212122200111012222100211100020011121212212211100001111200012
112012121210011202211210121020000221201102112122010112002200022221201202102211022110122201221112222122102001001012001010111112111212112011011201000121210201022000102221110012022020220022201200021122022210200221221212111010200021101100112120212222200012011212200200000021022222222212110110101201110100
102111120201011212222220021010101211201002201212020022102201111120212101202221021011012202221212222011112012102012010010222121210222112011011201000220200211022000102221110011012020221022201200021222122100200222111202212110201021000101101120222211200112011212201100010021022222221222111110102101110111
020010002201022102212210021110100210211112212022111122102002212121201000102222002021122112222102222012212002012002000010111201200212022121020200110120110222122201202212210212101021021022200211010222012100200220020102202120210020201110212210201211200112011212101200010021201222221212020101002010110110
102001121200010102211220022010101111201012212212011012012100012121202202202221011000011202221112222022102011011112000010122121110212102011002201000110200211122001102221120111122020121022211201020222022101100221220212222110200021100100212010211112200112001212201200110020112122211222100210102210120011
002001212201111102221211021200200220202002202202100111010102101122201001202200012111022202221222122012011210001012101120102100100112012011101210000122200122122100202220210212011021122022200212021122021010200220121011102020200020002201212220202102100212022121201201220022002221121111112001002120020011
011001012201021002212211121110102210102002211202001021101201201222121202202222021110121212122211212100102000010002020020111112001202122120020210011021200211022001102220210112121020021012111211020122012011201211212212002120110020201111202110222212101111112222201101020021012121220211111200002221110121
111001111200011202222220022020000221211002212122011022002101112221202101202222012010022112221102222022112002002012000020212112210212112020011201000120200212122100202222110112012020120022201210010222022200200221120202212010210021100200212110212221200022011202100200000021112222222222010211102110220000
121001102210121202222120022110101220212002212112001122002101202121201001202221012020022112222101222121111111012012010010112112111102112020020200001121200222222101202222200212002021021022210211010112012211201220121202201020111010201100212110102221100012012211000200110022101221221212121101011110120001
000011100200121102211220120100002220202022212122010022001101101221210202212222022121222202012202222110201011002002111000022011001212101101000210000120200221222002201211210101011021021022010202022222011002201210111112201121211020101001222110212122200201012122100201010020012121212112211101002221110021
001011202201111102221200022210200210211012102112000111011002202122212000202201002011122212222222112021112120101011101010112000000111111000001221110222201112122100112221220102000021122022111202020112010110200220110102102120200010002102202120202202100222012122202201121021001222022002101000002110010011
022002202220020002222220222000202200202002200202020222200002002220200002002222020002002202222200222002202002200022020000022022220200220000000220002022200220022020002220200202002020022022220202000222022200000020220002202020200020002200222020222222200202020222200020020020002220222002220002002202020022
002200212201120102212210220200201210201002202101101012011012202121210200002211111122022212122111222012202021110012011020212110201212020011000200101221220120122100202202100122112020021012021202020222011112200221221211101220200020201010200120212111100112012222111220020120101121210111002100001101000112
110100111200022202211211021010000220212002212112012022102001211222202001102222001020122122221102222122212001102001010010212111200201012010010201000120211121222101202221200212101020020022200211010222012110200210121212202120110020200211212210202221200112021211100210010021112222222222120101002010210111
102101122212121002211210221110201210201012202201111012011012112221201101002211121121021202122212122022212022210012001120212111201202111011010111111122211120122000102211200022112020121012120102020122010212200220220201002220200020210010201020212022200012022222110220110020001121211211102100001001100002
112001122211122102201210221111101220202022212200110122001101011222202102002222022120021202122112122121212021111002000220222121200111102020020121021022201121022001002220200021112020222022110112020112011221100220110102102120200020210000201020202122200122022222101210110020001220211122211100011100210102
111011202210110202222110022210201210211012102112000122002101202121211001202211012020122212222211212120101120112021011000122011011001201010010211111222201212122101112222210112001021122022121202020102001211201220111202101120101000102001202020102212000112002221101200121021000221121102211000011100010011
111101211210021102211211121000101210202002201202021122201001111221201002002222010011112212221201222112202001201011020000122021210200111000000211001121211120122011102220200212101020021022210202010222012110100110221112202120100020101211212120212222200202020221200120020020012221222112220001002101110122
102112121200000102212210021120000221200012202212010122002101122220212102212221022111122202221202222011111002102012001010222121120222112011011201000220200211022001101222110122012020221012101200021222012201201221120102112010200021101211202020212222100122000112200200110020011122221222011110102100220001
111011111201011102212210021110100211200112202122120122102101122120201101102222012011122202221202222012102002012012000010121111210222112121011201110220110212022101202212120122111021121022201201020222012100200221120102212110200021101110202120211212200112000212201200010020111222221212010110102100110110
002112022200100102201200021110000220201022202202001222002002122220212102112210012121122202212212222010210012202102001100222221110212022112010210000210210221022002100221200212011020222002000201022222011202201220110002002110100020102221202120202222101122001121201100120020100021221122121000001001110002
012010212200221202202200120201100210202012211210010122112101111122202202112221022021121202022111221210212010011001000120112021100121002020010211012121200222122001102210210120112020221022100212120201011211100220111112102020200020200000211110202212200222022222101100120021012221200122221201011110120112
001122111200010102202210020210001220201022212112010122002001212220211102212221022122222202122202222010211012102002011000122111010222011001010210000120200220122002100212200112011020121012010201022222002102202210121102102021201020202111212020202122100212011022200200120020001121221122112001002110120011
112001111211121002210210122010201220201012201200111122001102112121201001102222122121021202222212011022212012111002000120212221210202102010010121010122202121012011002220210021201020121022211102020122010111210120221201002120200020210101201010202012100122012122201210110020000221221212111001000110100111
011010112201011102212211020200200210201112202112210122101102111121200001102211012121122202221212222002101101012012001110111200200112012122110200110121110222022201202211210222111021122022200212021222012000200220021011102120200020102110212220201102100202011221201200120021101221220211121001002010010120
011101112201021102202210120110202220102002202101100021101102202122221201102222011221121212222121222101102010010002020020221111101212021020010210000120210121022101202211100222211020021022121212020122022022201212212222101120100020202000201210212211100112012222201111020120111120220121111100001211000221
021011102211021002212210121100201200201112201112120222201002112120200001002222011012112202222201222002202002111012010000021111210211121111010210111121110221022111102211210212101021022022210202010222012100100120120002202120200020102110212120211212200202010222201110020020101221221102120001002101010121
112102101220221202212120122100201210102002202202001222101101102120210002112220012020122202212200212211110111011012010110122012112001211110020210002212211122122001102212201211111021022022220202020112002211201220211201201120101010102000102110111221100012002221100200121021000120211212121100011200120012
001010212200000202222211021210200210211012102112100022001102101222211001202201012120122212221222212011101110102021002110212100100001101011100211110122201212022200112221210112011020222022111212021212011100200220011111002120200010002101212120202102000212012221201200121021001221121111211001002010010020
011111001211122102202210121100200200101112202112111222201002112120210001012221002021222202212201212102211002011002000110121101201111121211020210111211121122022101102202211211210021022022210202020222002100200220110101202220200020102010102210210211200112001222201200021020100121211212020100002100110121
002211112200010102202210120210101220201012202101100122001002212121221101112221012222122212222111222001211011111002011010222220110222021011010200000220210120022101101212100222102020122012011201021222012112201221121112101120200020202111201120202211000222001122201210120120100121220122012000001100110112
012111122200111102202200120211000220201022212201000222002101111221212102112221022121122202122102222110211011102002001110222120110121012011020210011121200221022002001221200121012020222012000211021212002211101220010002102020200020201111201020202222100222011122101200120020001121210122121100012100220102
002112112201111002211200021210100220201012202202000211011002212121212001212210012112122202222212122011121111101002101010112110010222022001011210000221200121122001101221210212001021122012100201021122011111201220120002102020200020102212202120202212100222011022201201220021001122121112012000002110120002
012001122200211202201200121101000220202022212201001222002101011221202202002211012020022202112112222120201021102102000210222121200111012121010220011111210222022002101220200111021020222012000212021212011211100220100002102110100020101110201120202222201122012221102100020020101120211022220100011101110102
011011012220111202200210120020100220202102112111010212001201022221101211112211022121122201222112222221202001111002001010111202001102112011010200110122210210022100001221200002011020110022201201011112012121200120222122001020100010101010112110212222200102022222200101000021112221122101111101001101110111
002000222200000202222222020200200220202002202202200022000202000222200002202200022220022202220222222002000200002022002220202200200002002022200200000022200222022200202220200222022020222022200222022222022000200220022020002020200020002200222220202002000202022220200200220022002220220220222002002020020020
001111101210111202212210122110200200111012102112001122101002102221221001112211002020222212212211202111211011101011001110222001101000210100010221111212212112022100012212211101110020122022121202020212001200200220100201102220200010002001102110211211100122002222201200022020000121112112110100002100110021
002101212201120002211200121100201101211002201102002012112112201121211201112210121021122211022102112122212012201022002010212011201202011002110200102122220220122001202211200121112020121012110202011122000102200220221201002220200020200120201020212112201002012222011210020020001121101211012100001001010012
020000012200022102112221121120100210211002212111011122112002201221212101212221012111122112221112222012222002001102011010212112200212012020110210010020211221122101202222200111002021021012210211010212021100100220121112112020210010201110112110212210100012022111000210011021101222221122020101001120220001
012001212210010102222221121100201210202002201202110122100102001221200002102211021111012202221211222002101101101022011110112111210101111011100210001022200221022110102220200212012020122022210212011222022100100120121011102020200020002200222120212112100202021221200110120021002220221111221002002111020021
011000111200222102211210220101001220202022212211000122001201000222211202112222022120122202012102222210201010002002101110122020101111102111010210011121200222122002102220210110012021122022000212021212011111100220000012201120210020100001211110212222200211012222001201010020012121201112220200012211210112
011021201200021202202220021200101220202022212112020022002101202220201202202222021021221212112212222120202022001002010010022112000211001010111220101120200221122002201212200012010010121012120201022122012002202210122211202021202020202000211010212112200212022112201100020020011221221022101001002210020021
011110112202121002212200120200200200200112202112111112112012212120200100002211111022122202122202222012202012111012001010111100201212021112010200211221120221122101202202210122111021021012110202020222001101200220120101102220200020201020201120211112200102011222111210020020101122210201011100002001000111
012101212211120002222210221100201200201002201202011112111012102220200101002211120012012202122201222012202012200022011010112011211201120001000210102122210220122010102211200112012020021012120202010222011201100120220101102120200020101110211020222122200102021222110120020020002121211101111101002102010012
101101211200021102200201021000101111212002201102012022202101210122212102112221011020222221121102112222212001202011011000222021200201002001110201001121221120122002202220200221201020121022200202011122001011200210222212102220100020200221202120202212201102011221101210020020011221112222121000001000110122
002101111210111202212221121100200210102002202202101122100102001221210002112210012120122202211211212102110101001012001220212101201001111111110210001112211122022100102211201211121020122022210212021222012100200220111110102120200020002100112210211111100112012221200200121021001120211221121101002110120021
112011211200011202212220022110100221201012202212020022002201112220202202202222021010121212211212222121102012001012000020122122110211102020112211101220200212022001202222110022011010221012211200021122022101201221121211212010201021101100201010222212200122011202201100010020021222221122000110102200120011
101001111210100202211220021020100221201002202211020122001201022220102211212222022011022202221202222121102002112012000020222112110112202020001201110221200211022100101222110012011020110022202201010212012111200121221112112010100011000110202010222222200112011212200101000020112221122111001211102100220011
010020102201011102212200021210200200210122102022110122102002212121211000102212002021222212222212212011202011112011001000121100100111111111010211220221111212022201112212220112100021122022111202020212001100200220010102102220200010102011202120201202100212001222202200021020100222121102110000002000000120
101011211200000202222210022120100211210012102122010022002101112221212101202212012010122212221212212021102011102021001010222011110111201010001212110221201202022100112222120012011020221022112201020212011200200221110202112110200011001101202020212212100122001212201200011020011222122112100110102100110010
012012022210111202200200121010000220202112112112001212002101022221201202002200012120122201212122222121201011101102001100111212101202022112010210000111220211022001101220200102021020221012100201022122021211200220211112001110100020102110112220202222201012012221201100010021111121222112220000000102000101
010001011201122002211210120010102220102012202212000021101202101222221202212222021220221202112212222200101000001002111010121011002202112111010210000120200222122002202220210211111021021022110212021122021012201211101122101120110020101001212200222222200101012222100102010020022021211211220200002222100121
122011202210121202212120022200201220202012202202010122002201202120201102202221021020121212212211222220101121011012010010022122011101102020121210102221200222122002202222200122001011122012220201021012012112202220122211201020102010202000201010112212100112012211101100120021010221220112111000011200020012
021001102210021102222220122010101210212002211112011122101002102221201001102222011011012112222101222012212002101012010010112112210201121010010210001021200221122110102221200202002020021022210211000222022200100120120102202020210020101200222110212221200112021212100110010021102221222112120102002111120011
101001110200111102221220121010001221201012202222010022001201011221211202212222022110122202111202222111101001002012101010122021111212202111001201000220200212122001202221120111012021121022101201021222021101200221110112211110210021000101212110222222200111001212100201000020022122212212110210102211210011
011000112200011202222221021110100220212002212112101022001102101222201001202211012120022112221112222012111101002012001120202201200102012021110200000021200222122200202221200212012020121022200221011222022100200220021111102020210020101200222210202111100112022211100200110022102221221221121102002020120010
112111111211121212222120021100202210202002201202010122102201201020211001202220021021012202222211222110111121112012020000122121111112112011020200001221200221122001102221200111002021122022210201021112112111201221112202201120102010101001101120112211100102012221101100120022011221220212222000011101010112
001001101201222002220210121100101220202012202212000111010102101122211101212211012111122202112212122111111110001002201010012010001212112101001210000221200122222001202220220201001022022022100202021122020011200220110012201120210020001102212210212212200211012122101202110021012122112102111100002221110012
011100122201121002112211220210200200200002202201011112122012201220211201112210121112122202121212222012212012100112012010212011201212011011100210111121221220122001202212200021012021021002120202020212010101100220221111012120200010201020101020222111100002022121010220021020001122210111011100001111110002
111001222200122102212200120211000220201012121101000222101101001221201112002222011011021211121112222221212020001002001120222021100120112021010211012122200221021002102221200120111020122022110212020212012110100220110101202120100020201011211020211122100212022122102101020021011220200121220200011110210112
012101100210221102211210122000200210101002201201002222101102102120210001112221112021122202212201101112211002001002000120212111211101111100010220001212212122012011002211211110210020021022211202020222001100210120211200102120200020101101101100211111100122002122201200021020000121211212020101001210110121
002001212200010102211211021100201111212002201102101022101202100122211102212210022120122211121112112112111101102022002110212111200102002012210200001022210221022101202220200221112020222022200212012122011001200220122111002120200020101210212120202102101102012221101200120021001220111221122001001010020021
011010012201021002201210021100201100201122212112111112112001112021201101102221001011111202222112222012202011021102000000021210100212012112011200110110110221122102102211220211211021022022210202020222012001100220120112212220200020201010212110200102200202001222202200120020201122210212110100002110010121
011000122200011102112222120210200210201002202201110122111102100221211102212210022211122202220222222002111101001112012110212111200112002021200210010021211221022101202221200121012021122012210212021212021000100220122021012020200010102110112120212101000102022120100210121021001221220121121001001120120011
020000022200022002002222220220200200200002202200020222222002200220222202222220022202222202220222222002222002000202022000222022200222002020200220020020222220022002202222200020002022022002220202020202020000000220222022022020200000202020002020222200000002022020000220022020000222220022020000000220220002
002002022200200202200200022000000220202022202202002222002002022220202202002200002020022202202222222020200022202202000200222222200202022222000220000200220222022002200220200202020020222002000202022222020202200220200002002200000020002220202220202222202022002220202000020020200020222022220000000002000002
012011202200021102201210022100201111212012201102011022102202201121212202212221021020221221112112112221212012101012001010122122100201002011221210102121210221022002202221200121101010222012210201012022011002201220122211102120201020201110201010212202201112012212102100020020010221111122011000001100020022
012002202210020002211210122000202101212002200102011122201102101121211102112221021011112211122101112112212002201022011000122022210201111001110210002022210220022011102220200211102020122022210202001122011101100120221102102120200020101210212020212212201102011222101110020020001220112112121001001101020022
201002122211022002211210121120101220201012111101110122100002012221201012002222011111020211221222122122222021110002001120222122100211212021010112011122201120021001102221200121201020122022220102020122021111200220220201102220100020211011212020211022100112022122201111110021010220211221211100000010200012
100001112210111102211210020120100220201002111101010222100102012220101121112222011012021211221212222221212011111002001020222112000111212021000201111222200220021101101222200111100020011022211202010212012011200120221111102120000010101021212010221122100202022122201002010021111220111110111201001010210022
021000111200121002111211121110200210200002201200011222112102201120211101212221122112122202221212111012212002001102011010212121210212002010100220010121212221012012102221210020101021021012211202020212010000110120222111012020200010201111101010212101000112012021101210021020000222220112020001000220110111
001110202200010202212210121210201210211012102011100022001002202122221100102212002121122222222121212011202020111011011010222110100111110010000211110221211111022200112212110112101020122022022202020212011111200221111212101220200010102001201120202201000222002222202210021120100221121012101000001100000121
101100221200011202211212020100100220202002202202111022101101110222201002102211011120122212220212222112101100102011011110212110200101002011100201000121211121122101202220200222111020121022200212021222012010200210122121102120100020101211212220202112100202021220200210120021012221221221221001002010110121
101210120201022212211211020000101210202002201202021022202101210121212001102221010021112212221212222111212011202001020000222120200211012001010201000220211120122001102220200111101020121022200201021222112010200211112212202220101020100112101220212211200202021221201110020021022222221222221000002001100222
002112112200010002201200021110101111211012201102001122102102211121222102222220022121222211122102112111221002202012002000222121110212012002120200001121210220022002101221200221102020222012100201012122001102201220121102002120200020201221202020202212101112001122101200120020000121111222022000001000120012
011000012200021102211220022010101110212012222112002012012001102122202101202221001010011112222012222022212011011102000010112211100202012011011200000010200221222101102221210201112020021022210211010222022101100220120212212120210020200100222100201111200112012212101200110021202122211222110201002120120011
012001212201222102211200121201100220202012212201000211011101101122202101102211012011022202122112122121112120001002100120112010100121012010011220011122200122122001102220210111011021122022100212020112011120100220110002202020200020101101201120202212200222022122102201120021002221111012111100012210120102
101100121200021102200211021000101110202012212202012012112000111122202102102221000010111212221112222122202010111101010000122120100201002001001201000110211120222002102220210211211020021022210202020222012011100210221222212220100020200111212110201112200202011221201210120020112122211222210100002110110122
002000022200020002200220022000202000202022222202002002022000002022202202202220000000000202222022222022202020020202000000022220000202002002002200000000200220222002002220220200222020022022220202020222022002000220220222222220200020200000222000200002200202002222202200220020202022200222200200002220020022
002111012200010002212211121210001210201012211202001122001101211221121102212221022111122212122201212000211001111002011010112221010212122111020200011121200210022001001221210112012020122002001200021222002101201220121102002120210020201222202020212212001221101122201200120021001122220212012100002110220012
002110202200120202202210120200201210202002201110110022111002212022211201112221012122121212122120221101212010020001010020112121100222011020000201001220210121122100202201110221202020121022111202120211021112200221222222101120200020201000211210202201100222012222201110120121111221210122112101000110010122
021001111201121002211200021010201220101002201201001121102202202121211101202222121121121202222212111111102001001002010020211111111202012010010220000121201222012012102220210121210020020022211212020122011011211111212211002020100020201101201100212112100112012122201101020020011121220211120101001221000220
111011212200022102212210021210100220201012111102010122101102102220201112102222010011120221211222222221212021000002001020122122000210112021111211102221200221021002202222200121100010122012220201021122022001201220121210202120101020202011211010221112100212022112202001020021020221210121110100001110110022
012002202211121002221210122100201210202002201202010211110002102121201001102211011002012202222211122012112111100012110010012011110211121000001220001122200121122010102220210202001021022022210202010122021110100120220002202020200020002201212120212212200212021122201111120021002221122002111001002211020012
112011202210220202212110021200201210202002201211010122112101212021201102212220022021121202122210221210111110021011010010012022011112102020010201002221200222222001202211210221102021121022210202120101011212201220222212101020101010201000212110102212100112012221100100220022011221210212222101010110020012
012001112210020002211220122000202100202012211202011112111001002121201102102221010001001202222111222012202011110112010000022121110201111001001210001011200220122011002220210201112020022022220202010222022101000120220112212120200020101100222010211112200202011222201110120020102121211112210101002211020022
102101221201110102222210121110100211200002202212011012012111112220201201102211121011022202121202222022102012101022001020212011211212111011001201101221210211122000202212110022022020120012111201020222011201200221220201112110200021100110201020222122200012011212110210010020012122211211001210102101110001
002001012200110102211211122100001210202012211202002122001101111221111202102211012010022212112211212010201011111102010110112222100202122221010210011111210211022001101220210102021020122002001201021222011101200220211102002210110020101221202120212212102121102221202100020021101121221112111100001111110012
112001212210110202222121021200201220202002202202100122001201101121200002202210022120022202221211222111000210012022011110112111111002102021110200001122200222122101202221200222012021122022210212021112012111201220122111101020101010102100212120102112000102012220100200220022001220220211222001011110020011
002201111211221102212210221100200200101002202202002112111012102220210101012210111021122202112201212112211012100012001120212001202101120101010210102212221121122000102202201111121020021012120202020222001201200220210200102220200020101010101110221121200012012222110210021020001021201211011200002101110012
112011112211022102201220122110201220202022202201120022001102112221202102102222021120120212212222122121212022110002000120122222100201102020121121111121201121022001102221200022101010222012220101021022021112201220121211102120201020211000201010212112200122022212201110110020010221221122101000001100110012
001001102211211102210210021110200220202002202201010211010102112121102110212211012012022202222212122121112111111002100020112101000112112010001210110222200121122100101221210102000021011022201202010112011021200120221012102020100010001111202110212212200212022122201102110021102221022001002101002110120012
011120011202022112212210020100201200201112201112120122202102211020211000102221011022112202222212222001212012112002010000121210200222022112020200110220110221022101102211210111101021122022200201021222112000200221011102202220201020101011101220211201200202011222202100020021111222220212121000002001000221
002100222201110102222211120200200210201002202202101012011112101221200101102200121121022202121212222012101111101022002120202100201102011012100200101122210221122100202211200122022020121012110212021222011101200220121110002120200020101110211120212012100102022221110210120021002121210210112101002011010011
012011112200111202201210022100100220202022202202011122002102112220202202102211011020121212202222222120201022101102000110122222100201012121111220101210210222022002201221200112010010222002110201022122021102201220111111102110101020102110201110212212201122012211202000020020110121221022110000001101010012
010010112200011102112211121220200200210012102111010122112002201221222101212211012111222212221222212011212011101111012000222011100111101010100221120121212211022101112222210011001021122012121202020202010100100220111112012120200000102011102020212201000112012121101210022020000222121012110000001110110011
002101212202221002221200121200200210201002202202001101021012202121201100102200111012022202122212122022112121100012101020102000101212021001001210101222210121222000202211210112011021021012110202020122010111200220220101102120200020101111201120212112200112022122111211120021002122111101002100002111010002
110100121200022102101212120110100210201002202201021122212001210221212102112221011111222212220212222112212001101101021000222021200211002010100211010120222120122002202221200121101021021012210202020212011010100210222122112120100010201121102120212211100102021120100220021020011222221122120000001110210112
002111111202122112221210021100201210202002201202010111111102201021212000202210011012012202222222122011122121101002110010112110100222022001011210000221200121122000102220210101001021122022200201021122121010200221111102202120201020001102101220212201200212022122202101120022012222121112112000002111010112
002111111201021112211210021000202101212002200102011022202202200021222101212220021021112211122112112111222012202012011000222121200212012002120200001121210220022001102220200110102020222022200201012122111001200221112202102220201020100111101120212201201102012222102100020021011221111222122000001001010122
111100210200121102210201021000100220201002201201012122102101211121201001102222111021122212221202111122202001102001010010212120210201002000000211000221212121112012102220210121200020020022201202020222001010210110222211102120100020200212201110202112100212011121201210020020011222221212120001001110100221
002110121201011212222221020100201210202002201202110022101202100121211001202210021121012202221222222001111111102012011110212210200112012012110200000121200221022100102220200111012020222022200211022222122000200221012111102120201020001101111220212101100202022221201100120022012221220221222001002011010121
012110202200021202202220121200201220202012202101110022001102202121211201102222011121121222212121222111202021010002010020122221100211011020111210101220210121022101202212100122101010122012121201021122022012201221122221201120201020202000200110212201100222012212202110020120110221220022001000001200010122
222002202220220202222020022200202220202002202202000222002200202020200002202220022020022202222200222220000220022022020000022022022002202020020200002222200222222002202222200222002022022022220202020002002222202220222202200020002000202000202020002222000002002220000200220022000220220202222000020200020002
111002022212022002201210121020202220102012202201110021101102112222212102102222021220120202222222122111112011110002010120221112101202112020020121010021201121022001102220200122211020121022220112020022021122201211211212002120100020211000202110212122200012022222200111110020011120221221211100001111100111
011000112210211202201210120111100220202012212200010222001201011221102211112222022021022202122102222220202011112002000120222111100011102020010210121122200221022101001221200011011020111022101212010202002121100120111012102020100010100010201010212222200212022222101101010020102220111011111201012100220112
111110211200022202201211021100100220202012202202021022102101211221202102102222010020221222211212222221202011101001010010122121100200002010111211101220211121122002202221200122100010121012210201021122012011201210122221202120101020201111201110212212200212021211201110020020021222221122110000002100110122
102111021212022112211220121010202210202012201201120022101102111121212001102221021121011202222222122011222022211002010110222221200212112011020111010121201120022000002220200011102020222022210101021122121111200221111202102220201020110001101120212111200112022222201110110021011221221222212000001001100112
