011012110220110022211210000212
022002100220111021201001110102
011001111210120020112111010201
021002000210201012110011110002
121101022220110021012212120111
011001022210210020022212020200
000012221221222001101110101100
021101012211111021000211110101
120101011210110012011121110012
022002201220020021212010110211
001022111220110012211211010102
011012011220200021111211010201
021002100211210012121010010111
120110112220021021102211220012
021101111212221021111100110111
022002112220110021122111120210
020101011201211011010110100002
021011201221121021212100120111
022222222220222020202200020002
121211122220121021102211120012
121101111220020021102111110112
121101012220010022001222120111
011022101220210021210211000102
020112010211210011011111011111
111111122220020012112212120012
021011101220112021201101220002
011111122210221020112211020101
000001122211221011012121110200
011012121220211010111201011100
012122222220121011212201020002
022101112120210010112202010201
022002101220111022211011220111
011012210221221011211100011110
022002011220201021111102120101
011001121210120021122211010211
022002202220020022222020220220
011112222221222011102110110101
001022221220121001211201011001
000022000220200022200220000202
020002000200200002020020000002
000012111221211012101120100201
022101211120120011212201000212
021002001210100012010121010101
011012210220121010201100001101
010012110210211001110110001001
020211021212221020001201111111
000011011210210021111221010201
022211212120221010202201010102
021101111211121020101100100102
011101212121221001102111100201
022002100221211022211001120111
022002201221120022222010120220
012111212120120001212202010102
020011101210111011111110110002
121111112220120021111212110012
022101201120120010202101000202
022002001220101022100112120101
022002210220020021212100000212
011012111220111011100211011100
022002200222220022222000020220
021112110222220021112101021220
022002220220020022222200000222
121101121220020022112211110122
021112021221210020012202021210
020020202220022020202200220002
022111202120220010211202000102
110101122221121012002121210111
021112010221211021101102121111
010021211220122010201200111001
000000022200220020022222020200
002022222220020002222202020002
021002101210110012121020110111
021111112211221020110201100002
021122111221220020111202011111
011002221221121012112110100211
021211122211222020101200110002
011001012210110021011222020200
012012221220020012222201010112
022002102220010022111121120210
022112221220121021212200010112
021112011221110021001212021210
022002111221210021122101020210
021112111221120021112111121220
010101122212222011001110200101
011022211220221010210201001001
021011202220021021212110220111
022012211220120021221201000112
020110112211122020101200210002
022012101220211021210102110002
012012211220020011212101010102
021110202120121010202201110102
022101102120110011101212010201
022012202220120021221111110111
011122221220222010201200011001
011111101120210011201211000202
001012222221121002112111110101
011012100220110021201110000202
020222020222220020002202022220
020121111221121020102201121111
011122111220211021201210010102
022002101221110022111111020210
021101022211211020011201110101
001011122210120011122212020101
011011112210220020121212010101
011002111221212012101011210101
