1211010202020220002211112120102100202101111121110211122111002212212020101221002001020120221000200020
1202011002121210002211012220202110201102001021110121120221022201220021001200001001220220222022210121
0211100202121120001201012020202000201102202211000121021111012222211010112212102002020120211000200010
1011020202121012001221012211202110201102000010000220220120011210221121102202111102020121212022200011
2101020002121112000110102201112000200002110111000121210211012201220011202221101001010020221001200120
1212100102122121002212102121112101201122101202010110120111112201211221101200001012121020202002100020
1112020102021221002211102221112100202101110021110112121112012211212121001211011010020020222001200120
2100010002121212001111001211112010201101000112000221120211022200221011102210101012021020110011200020
1112002101211211001211002211201001201122002021100212021122012212120101112210102001220020222001200110
2111000001020221001202011222202010202210000122010222020111022100221121102201102021121020111010200110
1111021102121111001211002210202120202202001010000221220121012201221122002201100001120220212022210122
2211110212021121002212102111112100200012111112000011111012002211220121212200101002120121211011100120
2210010002021111012211101222102120202201101222100222120112022201221120002201002012021020110020210020
1211011001221021101211202121202010202102202022110120210212112212222010001112112001121011121002200210
2222010202021221002212202220112200201011111111110111121012002201221120101210002001120020212001100020
2111010102122212001111102210122100200012101102000120120101012200220111202210101002120020211002100020
1120020102021011011220102211102120202202101111100221220011012201221221002202101002020120211021210021
1212022002221111101202102221202110202102102021000121220222122212221021001111101001221111121012210211
1122011001120121100202112222202000202111101022010121120111122111221121101112202011221011121001200200
1011021202120021001211102111202120201102101011100221221021011201222121002202101011020121202022210121
2202020002020021001201212211202000200002120120000121110212012202211111112222102001000020112111200220
2210010002121121002102100111212010201210011222010121021222021201222120002201102022121020101021210120
2121010001121120001102111111212000201220011122020121021111021101221221102202202021220020212011210210
1021010101020121000211012211202010202211000011010221120010012100221222102202201011120120212011200111
2200000002020222002202000222202020202200000222000222020222022200222020002200002022022020000020200020
2112021202120120002212202121102210201001111021210212222022011202222020001211002010020021212011210120
0222002200222220000220002220200002200022002022000202020022002222020200022200202002220020222002200200
1112000001020220001211022221202000201111000022120121020110022100220121101201102011220120222011200110
1102020002021122001200102212212000201102210121000022110212012211211121102212011010010020222001200220
2202021002121111001201102211202110201102111120000122210222012202220021102211001000110120222011210221
1211100101222020001211102020202010201102202111110121110112012212221000012202112001020020212001200110
1012010001021221001201012222212000202211100022010122020101022110211222102202111020120020222001200210
2111020102222011002112111111212100200111011121010120121221020211221120102202112112120021212022210110
2212110112021122002201202211212100201112201111000021020002011201221221102200102001110021212011010021
2211120012021011012210202212102110202202201121100122120002021202221221002201102001010021221020120021
2202120012020021002201212211202000201102110020000121020102021202212212012211202001000021112121110121
1120020102121021001111101100212010201211011111010120121121011201222221002202201012120120202022210121
0212001101121220001220012220201001200012001022110111020121012211120110011200102002220120222012200110
1222100202122121001202102120212100200012202201000021020012012211220110112201102002120020202001100010
1202210012121021002211102112102001202212100111010111120111121202212222001200101011011021212011110021
0202000002020220002220022220202000200002000022220020020220022200220020000200002002220220222022200020
1111110102222111000111002110112000200002101101000121120111022211220001112211201002020020211001200010
0200000202020220002200022020202000202202202222000220022200002222202020202222002002020220220000200020
0212200102222020001212002021102001201112101201010111120121122212211111011201101012021020202001200010
1200000101121120002210112020202010202202202122110220111201002212212010102212012001020120221001200120
2100020102222211001110102200112001201002100012000220221211021200220002102211101002020120210002200121
1002020102122112002211012222212100201102100021000121120211021220211121102202021111020021222012200110
2111020102121211001121102210012100201001010011110211221111012201221011101220101001020020221001200020
2102121112120021002201202112202110201102201021100122121012020202222121002201102010010022212021120121
2211120012121021002101201101212000201211111121010021021112020202222221002201202011110021212021120121
2220020002222020002002200000222000200220022222020020022222020202222220002202202022220020202022220220
0011020102021122001210002211212010202202100011000121120111012210212222002202110011020120212012200121
1102120012021122002200102212212000202202200021000022020102021211212222002201111010010021222011110121
2201010001121020002211212120202010201102111021110220110202012202212101012212112001010020112112200220
2201120112020020002212112111102000200002020021000111111112012212211112122211201002010121111121200220
2111011002111101012211102212102110202212102121200222121112022202220111102211002001120020221010210020
2222020202020220002222202220002200202000020020220202222022002202222020000220002000020020222000200020
0222012101221121100211102221201001201012102022000111120122112222121110011111202002221011121002200200
1201000002020221002211011221202010201101000122110121020221022200221020001200002012121120111021200020
1221011101222120001111101110211001200121012122010111021122011212121210012201202012220020212012210210
2222000202022222002202202220222200200022202202000020020002002200220220202200002002220020202002000020
2211010202122221002201202210212101201012201112000120121112011200220111102201002002120120201002100121
0102010002021221002210012221212000201102100022110021020211022210211121001201011011120120222012200120
2002020202222002002222022222202200200002000020000220220220020220220020202202022202020022222022200000
2112001102111212002202102211212100201122102111100121021112012201220111202210002001220020212001100020
1211110002122010012221102122002111202212101212110211220111122202211221001201001012021020211011210020
2101011101221020002211202021202120201102202022210221211112011202222010002202012010020021212012210220
2202121012121111002201102211202110202202101020000122120112021202221122002200101000110121222021120122
1201010102020120002201122120202000201102111121000220021201012212202111112222102002010120111111200120
2022000000020220000202022222202000202220000022020222020000022000220222202202202020220020222000200200
1212111111121121001210102211201001201112101021000112020012011212121211012200202001110021222011110111
2210020102122110012210202211102111202102201122100221221112021201220111002202002002020120210011210121
2101111112110111002212002102102000201112011021100112112122012212220012212210101001120121221010200120
2211000101122121002211202120212110201112202112110120110102002201221110102201012001120020212002100120
1212110102121020001202112120202000200002111110000121020112022212211101022212202002010020102111200110
1112011201222111001221012221201101200012001021000211120121011221120110112201112102120021222012200100
2112010001020121000201112212202000201111110121010122110111012101220121202212102010110020222000200210
1210010102021110012210112121102110202202202222100221121101012212211120102212002002020120220010210020
1110120212020021001221002101102010201102010011000111211021002211221122112201200002020221211021200121
1002011002111212002201002212212000202212101021100122021212022211211112102211011010120020222001200120
2101011102120121002202101122202120201101101122100222121122021201222020002201002021021021101021210120
2211120212020120002222102111002100201001020021110102212022002212221021111210101001020121221010200120
2212010102021121002202212220212100200012111111000120020102012201211211112211102002110020102112100120
1112021102221012101212112222202100201002101021000120220221121221221020101112112102121012121012200100
2221020102021110012221202221002210202101111121210212221012012202221120001211002001020020221010210020
2210010001222020002111201010212010201211112122120120111212011202222110002202112011120020212012210220
1122001100121220000211012221201001201121001022010212020011012111120211112201202011220020222001200200
2002021202221011002212112122202210200002101021100221221121020211221020102202012111020022212022210110
0212011002120121101211112221202000201002101022110020120221122211221020000111102002221111121012200110
1202110002121020002212112121102001201112010111010210120211122202202212011211101012011020102112200120
1110010102020122001211001211202020202201000111000221120121012200222121002201101012021120101021200021
2211020002121021001101201101212000200111121221010021111222011202221120102212102011110020212011210220
0201100102121120002211012021102001202212101212010210121210112212202121101211001012021120211001200020
2202020002020020002202222220202000200002020020000220020202022202202202022222202002000020002222200220
2102012002211201002202002211202110202212002020100222121222022202220012102210001000220120222011210121
2101120012121112001110102201112000201102100011000121120101021201221112102210201001010021221011110021
2201220122020021002211102102102000201102110021000012111012011212221122112200201001010122221020110121
1211021102221121101201202211202001202002201022000120221222121211221011001112102002121111110002200211
1212121012120022101201202212202000202102201021000021120112121212222121001111202001111012121011110111
2201120112020021001211102102102000200002120121000012201122002212220021212211101001010121221010200220
2210020102222120002101201100212001201111111122010120122222020201221111002202102012120120201012210221
1212110102121120002222102121002101202111010111120201221121112202212121000210001011021020212001200020
1201110102222120002211102111102002202112100112010210221221121201211112001201001012021120201002200121
2101010102121112002212011222202110201101000121000221120221021210221020102201012112021021111021200010
0222200202222020000202002020202000200002202200000022020022022222220000022202202002020020202000200000
1222021102120121101212202221102100202001111021110111221122112212222020000121102001121011121001200110
2211020002021011011210202212102110201102211221100122210112012202220120102212002001010020221010210120
1101010002121211001120012210112000200002000012110120120210022200220011101210101002120120221012200020
1211011201222220001210102210201002201012101022000211121122011211120101012201102002120120211002200211
2212020102020120002212212220102100201001020020110211121112012202212111011221102001010020112111200120
1212021002120022100201202212202000201002211121000021210222112212221020101122102001111011121001200210
2121010001021110011211112222102110202211101122110222120001022101220221102202102011120020221010210110
1101020102122221002200102211212001202102200022000121121212021210211112002202011011020120211002200221
1112012002210112101202102212202000202112102021100121121222122212221011101121102001221011121001200110
1100010102121211001110012110112000201102101112000220121200012211211011202221101002020120220001200020
2102022102221110002202102121202220201102102021100222221122021202221021002201001010120121212022220221
1101010002021222002201001222212010202201100122000122020212022210212121002201011021021020111011200120
1010020102121112000120002200112010201102000001000220220110012200221112102211200002020120211012200021
1211010002021110012220112221102110201102101122210121120111022201220120001201002002120120221021210020
1212012101222210001211002220201111201112002021000212120122012212120111012200101001220120222012210211
1101110002222111001121002111012001201112000102010210220210122201211112101210100012021020211002200020
1102011102120120002211112121202110200002101022210121121121021201221020001201002011120121212022210120
1211000202021221002201112120212100201112202212000120021101002211211120202211002002120120211001100020
2111011002211111002102101101212000201221012121110121022222021202221111102211102011220020212011210120
2102020102121012001211112212202100200002110120000121210221011211220020202212012101010021222011200110
2210010001122010012220202121102120202202202122210221210102012202221110002202012001020020221011210120
2102021102120021001201202112202110200002211121100122211122011202221020102212002010010021212011210220
1201210112121020002222002012002001201112010112010101211121112212211122111200100012021121211011200120
1101010001122121002210102121212010202202201022110121110202012211212111002202021010020020222002200220
1211010002121120002111111110212000200111011122120020021221021201221120001201102012220120212022210120
2102021102222101002212012221202210201102001020000221220221021211220021102201011101120121222022210111
2211021002222110002102101110212110201211012121010121121222021202221121002201101011220120212022220221
2200120212121120002211102101102001201002110022000111212122011211220012112201101002020221210011200221
2012010101121111001212022222202100201111000021010221120110021110220121202202112111120021222011200100
1200110212020120002211012011102000201102111122000111112111002222211021212211101002020221220010200120
1222110202121120001212102120102100201001111110110112121022012212221010011211102001020020212000200010
0101010102021221002200012121212000202202201122000121021201012221202121102212011011020120221001200120
2112011001121210001202012221202110202211001021010222120111022101220122102201101010220120222011210211
2002011102211102002212012212202100201112001020100221121221021211220011202211012101120021222011200010
0112110102122121001201002121212000201102201111000022020112022221211111012202111011020020212001200110
0121011201121121000220002210201011201112001011000211120021002211121211012201201002120120212012200111
1200010202121220002200112110202001202102201122000220122211011211211011102212002002020220210001200121
2001011002211202001111002201112000201112001011100221121211022201220002202220101001120020221001200020
1221110102122010011211102121102110201102202211100122120012022212220110012202102002020020211010210010
2100010001222111001120102110112010201102101012110220210201012201221001102211111001020020221002200120
2201011002121211002202001221202120202201001121000222120222022201221021002200001011121120111021210121
2002012102210111002202102112202110201112102021200222122122021202221011102211002010120021212011210120
1211001101121221001211001221201011201111001122000212020122012211121110012200102012121020111011200110
1211011002120122101202101222202010202101101122000121120222122211222020001111102012122011010011200110
2102011002110111002202112211202000201112011020100221021212022202211102112221102001110020112111200120
2202022002222200002202002220202220202202002020000222220222022202220022002200000000220220222022220222
1211210212121020001212002011102000200002111111000012111022012222220011122201201002020121211010200110
1201100001222020002221102021102011202212101112120210210211112202212111001201011011021020212002200120
1112111202221020001202102021202110200002202111100122121022021212221010012202102011020021202011210110
1102010102121111002221022221202100200002000021110120120220021210220020101201012102120121222022200010
1201110112020120002221012111102000200002010022110011111121012211220021111200101002120221221021200120
0202200002222020002222002022002002202222000202020200220220222202202222000200000022022020202002200020
2101021202221120002201202111202111201002201022100221222122020201221011002202002011020121201012210221
2012011101120120001202112122202110201111101022110222121011021101221121102202102020120021212011210210
2200110111121020002221102011102010201102111022110111201112002212221011112201111001020121221011200220
2201020102121120002201212210202001201002110021000220121212021201211102012212102002010120101112200221
1212011101121121000210102211201001200012111121000112110122002212120110112211102001110020222001200210
0121021102120022100211102211202010202102101011000120220121112211222121001112201002121111111012200111
