0101000001010110001110011110101000100001000011110010010110011100110010000100001001110110111011100010
0010010101010011000110001100101010101101000000000110110010001100111111001101100001010110101011100011
1100110111010010001111001001001000100001010011000001101011001111110011111100100001010111110010100110
1101010001010010001101111110101000100001010010000110010101011101101101011111101001000010001111100110
1100000001010111001101000111101010101100000111000111010111011100111010001100001011011010000010100010
1101010001010011000100101101101000100001110110000011100111001101110010101111001000000010111000100110
1000010001111101000010001100011000100001000001000110110100011100110001101110100001010010110001100010
1111000101011111001101101110111100100011101101000010010001001100110110101100001001110010101001000010
1011000000010110000101011111101000101110000011010111010000011000110111101101101010110010111000100100
1001001001100101001101001101101000101111001010100111011111011101110001101110001000110010111000100010
1110010001011000011110101111001110101101101111100111110001011101110110001101001001010010110010110010
0101100001111010001111001011001001101111000101010100110110111101101111000100000011011010101001100010
1001010101111001001111011111101100100001000010000110110110010110110010101101011101010011111011100000
1101110011010011001100101101101000101101100010000011010001010101111111001100101000000011111010010011
0001010001011111001100001111111000101101100011000011010101011110101111001101010010010010111001100110
0100000101010110001100011010101000101101101111000110011100001111101010101111001001010110110000100010
1101011001111100001101001110101110101101001010000111110111011101110011001100000000110110111011110111
1100010101111110001100101100101001101001100011000110111111010100110001001101001001010110100001100111
1001011101110010001101101011101110100001101011100111111011010101111010001101001010010011101011110110
0111100101111010000101001010101000100001101100000011010011011111110000011101101001010010101000100000
0111001100111110000110001110100001100011001011000101010011001111010100011100101001110010111001100100
1100000000111010001110101010101010101101101011110110100101001101111000001101011000010010111001100110
0111011001110011100101101111101000101001101011000010110111111111111010000011101001111001010001100100
1111010101010110001111101110001100101000010010110101111011001101111010000110001000010010111000100010
1110010001111010001001100000111000100110011111010010011111010101111110001101101011110010101011110110
