011011011110011101100100110010000110101101011011000101001100011111100101001100011110111100111011111111101000000001001000000101001101011001010100000011110100011000001110100001011010110011100100011011011110100110111111000010100010101000011110101111100001011111100100000011011111111101110000000101000100
010000011100011001001111110110100100100001101100010111111001100110111101111110011101111101110111111001111001000101011000111011100111001010100110010010111110011001101111100010001011011001110101010101010000000110111011011010100000101010001010111100000001011010000110011010000111110011010000000110110001
001101000110111101101110111000100100001001101101001111100001001110110001011110001010111101101100101101110001000001000110111001101000110100010110001101111011011000001101101100110010011011110101010111001100100110100100101110100010001000001100110110100011001111100100011010000010101111010100001100110011
001111011100000001101100010110000110100011101101000111001001111110111001111110011111111101111101111000110001101001001000111110010111011001010100000110100110011001000111100111001010111001000100011111001101101110010001001010100010101111101010101111000111000011100100110010000011110111011000001000110001
000000001110100101100110010010100110101001101100010111000101011110001110111111011011011101111101111110101001111001000010111101000001101010000100110111100110011100000111100001000010000011101101000101001011100010111011001010000000000010101000111111100101011111100001000010101110011000001101001000110011
111001101110110101111010011100101110101001101101000111001100101010100001101110011010011101111100111110000110011011010000011011011001101010010100001111100111111001101111100111001011011011110101010001001111101110111101100010001000101000101010001111000001001110000100110011000110110101111000010100010001
001001101100010001100100011000101001111001100001001011101101100011111101111110011010111110011001001111111001101011001000111011100101001001110100001011110110011001101110100110101010111011100101001011000001100110111101001110100010100110101010101101101001001111001100010010000110001111011000000000010011
001010101100110101101100010100100100101001100110010011111001111011101101111110011011110101011110110100111000010000000010001011000111001010000101001110100111111000101100110110101010110011100101110100010101100110111111001010100010100000111100101101100111011111100000110011011111100111111101000010010011
000000000100111001110110110000001110101011101111000011000101000111110101111111011110111101001101111100100000001001101000011010001101101101000100000110100111111001101110110100001011011011000101011111010001100110000011100110110010000001111100111111100100001111000101000010011011101101110100001111100011
100100110100011101100101010000000110101001101101011011101000110111101001001111000010111111110101111111101000101000010000111010100100001000000101000110111010111001101110100111100010010011100101010111001010100100111111101110000010100111101110101111100101010110100110010010011111111111110000001000100111
101001110100000101111110011010000111100001101111010011001100011110101101101111011000011101110101111011001001001011000010111011110111101010001101000110100101011000101111010011011010110011101100010111011100100111110101111000100011000100101010111111100011000101100100000010011111111111000110101100110000
011010101100011101101110011100100110101011101101010011001101101110101101101111010010110111101111111110101011000001000010011111000100001010111110101110100111011001101111100011000000111001110100011011011001101110011110101010101010101000100000111101100111011101101000010010010111110011000000001100010011
011000111100111101101100110101000110101011111100000111001100000111101101001111011010011101011001111110101010001001000110111010100010001010010110011011100111011001001110100010011010111011000111010101001110000110000001101010100010100000100010101111100111011111001100010010001110100011110100011100110101
010010001101011001101100010100100100100111101011110111101001111010100000001111001011111101111101111001101001011001000000010100100111011111010100110110010111011101101101110111100011011011100101010111001000100110010001101110100010101010101110100101100101000111101100010010100111110101010000001000000110
001001101101111001110100011100100110101001101101000100010001101011101000101100001001011101111111011011011110000001100010001000000111011000001110000111100011111000101110110101000011011011100101010011010010100110110001101010100010001101101110101101100111011011101101110011001111011001001000001110010001
011000100100110001110100011000100110100001100100001111001101101010100000101111111011011101111101000011101001001001000010101110110101001000000110000111101111001011001110110010100010010011101101010111000000110010111100001010100010100101100000101001000111001011101100010010000111110101010001000110000110
001001011100100101100100011000000110101011101101001111001001011110101101001100001010011101101111111010100011101101000100111111100101011111000110000100110111011001100110100101010010111001000101011111010101100110100001001100000010001110101110101111101011001110101000010010100010111011110000000001000001
001000111100000101111111010100100110101001101101100011000101000111100001101100011110011101110111111001000100001011001110101100100001001011100100000011100111011100101110100111011010111011100111011111011000100110011010001010100010001100111110101001000101011110100100110011001110110110111001001010010010
000011100100010101101110010100001110101011111011010011001000101110100101101111011011111101011101111010101011001001010000011001000111000000000110000010100110111001100101100001010010010011010101011111001001101100111101101011101010101000111010101011100101011011100100010010001110111011101001001110010010
000010101100000101111100011110100100110011001011000011001001101111111000101101001010111111111111101010101010101010001000111000000000100000000111110111101101011100011111110001000010111011011101010101000100100110000101001110100000001001101010101101000111001111101100011010000111011001100000001000000010
010001011101011001101100010010101110001001101101000010101101101111111101101111010110110101111111111100001000000001010010110001001101011010010110000010100111011001101110100111110010010011110111010011011011101101101111001010000010101000101100111111100001011111100001010010011010110110110100001111000110
011001101110010001111110111000101100101001100101010111100001001110100001001111010001001101111100111001101001100011010000011011110100110000000110001011100110011010001110100101001010011011110101000111011100000010110001101010100010001100111010111111100101010111100010010010001110111001110001001101010011
001100101100010101101110110100101110101001101000100011000001101011110100001111001111011111111010111001101010010001010010111110100111010010000100000110110010011100101101000111101010011011011101010111011011100111111111100110100010101000100110101100000111001111101110010110100110110011001000000100000111
001110010101011111111110010000101100101001100101010011101101100010111000101110010011001101111111111000111011101001010000111110100111011001010100000110100110011000001110100000001010111011100100011111111000100111001101101110101010000001000110111100100101011111101000010011011111110111111000001001000111
100001111100011001111100010110000110100001010001000111100001001110100011001111000001010110110111111111111010000001001010111011000110111011000101001111100110010001101111100110100010011011110101010111011000100110110100101110000010101011111010110011000101011011101001010011010110100110110100000010100011
001000011100010001100110011000101000101011111101001001011000001011101101101110000000000101111011111011101010010101000000011110000101001001001100000000100110111001001110110100111010011011110101010111011001000110110111111110100010100000111000100001100101001111101100110010101011100111100100001110010011
001000001100010001111111111100001100101001110101001011000100100111010101101111011000011111011100101000101000010001010010001111000101111110010100011011100100011000001110110001011010011001001100010111001000100110111101001110110010100111101010111101001110101111101100010011001111110101001100001110110011
001100111101110001111100110100100100100001101101001001011011101110100100001100110011011101011101111011101011100011001010101000101101010001000100101111110110111000101101100011011010010001010101010111000101100110110100001110100010100010100010111011100001011111010110010010001011100100001100001001000001
101001011111011001100110111010101110101011101100110011000001011111101001001111011110010101111111011011111011110001000110111111100101101010010011010011101010011000001110100011101010111011110001010011010111100110110101001110100010110000101010101011100011011111100110100010000110111111101000000000100001
010000001100011101111110011010000110111001111011001011001001101111101000101111001010011011111001111011111001001001000010101101100101011010010100000010100111111100101111100101001010010011100110000111011100100110010101101010110010100100111100101110100011011101000100000011101111111111010101001010110000
