010010101110011010101100110001
000000011100110010011111010100
011100101010110000101101000101
011001001110000011000111010100
010001000100100001010010000001
000011000110100011100110000101
110100011110010011001111110011
011001011110100010011101010100
011001100111110011111000010110
011001110110010011111100000111
000011110110111000100100001000
011011101110110010110101000001
010111010111110010001101011110
001011111110010001111101010001
010100011101111010000100100001
011001100110010010101000000101
011001101110010011111010110110
011111111110111010101100010001
011001000110101011100001110001
000001111111111001001010100100
